1763913933889 0.0 0
1763913935122 1.0 0
1763913936116 2.0 0
1763913937865 3.0 0
1763913939274 4.0 0
1763913940858 5.0 0
1763913943344 6.0 0
1763913944541 7.0 0
1763913946424 8.0 0
1763913947786 9.0 0
1763913948907 10.0 0
1763913950839 11.0 0
1763913952188 12.0 0
1763913953554 13.0 0
1763913955213 14.0 0
1763913956309 15.0 0
1763913957651 16.0 0
1763913959184 17.0 0
1763913960454 18.0 0
1763913961370 19.0 0
1763913962172 20.0 0
1763913962993 21.0 0
1763913963903 22.0 0
1763913964865 23.0 0
1763913965918 24.0 0
1763913966798 25.0 0
1763913967569 26.0 0
1763913968434 27.0 0
1763913969759 28.0 0
1763913970704 29.0 0
1763913971567 30.0 0
1763913972477 31.0 0
1763913973930 32.0 0
1763913975082 33.0 0
1763913976403 34.0 0
1763913977274 35.0 0
1763913978405 36.0 0
1763913979269 37.0 0
1763913980230 38.0 0
1763913981181 39.0 0
1763913982042 40.0 0
1763913983139 41.0 0
1763913984118 42.0 0
1763913985047 43.0 0
1763913985863 44.0 0
1763913986711 45.0 0
1763913987726 46.0 0
1763913988694 47.0 0
1763913989576 48.0 0
1763913990556 49.0 0
